INDEX NOMINUM

Corratas 335, 21.
Corycium nemus 14, 2.
Cossaei 84,15.

Cous 5, 27.

Craterus 25,14.15. 49,16. 51,
ο. 90, 10. 122, 22. 3ο. 124, 23.
125, 9. 130,17. 161,23. 165,2.
172,16. 173,16. 178,18. 179,
18. 180, 20. 193, 11. 15. 16. 23.
194,12. 229,1ο. 230, 2. 232,
21. 243,11.18. 252, 6. 269, 9.
287,15.18. 330,5. 337,14. 347,
13. 351,12. 379, 2. 388, 24.

Creta 45,10. 71, 8. 357,1ο.

Cret-enses 45,14. — 17. e. mi-
lites in exercitu Alexandri
20, 30. 25,19. - Cretenses

sagittarii 90, 19. — Cretensis
miles 20,16.
Critobulus 328, 15. 23.
Croesus 12, 25.
Cydnus 13, 24. 25. 14, 23.
Cymaeus 126, 19.
Cyprii 51, 9. 71,4, 352, 21.
Cyprus 43,13. 51, 6.
Cyrenenses 66, 3.
Cyri castra υ. Castra.
Cyropolis 229,11. 230, 2.
Cyrus 12,-25. 84,6. 95, 25. 130,
1ο. 160,14. 211,17.25. 228, 10.
230, 4. 353, e. 354,11. 25.

Daedala 289,17.

Dahae 83, 24. 160, 2 215,15.
235,21. 252, 8. 14. 263,5. 264,
27. 301,24. 316,2.

Damaraxus 297, 27.

Damascus 22,13. 35, 5.12.19.
39, 12. 81,16.

Damyllus, Megalopolitanus,
382, 28.

Dareus, Hystaspis filius, 27,6.
40,18. 129, 2. 376, 5.

Dareus Oodomannus 4, 15. 21.
5, 24. 6,15. 8,22. 9, 26. 10, 2.

11,27. 12,19. 15,10.26. 16,2.15. 2

 

395

17, 2. 19, 6. 20, 13. 21, 3. 14.
22, 19 30. 23, 27. 30. 24, 8. 25,
20. 27,19. 28,16. 25. 29,6. 30,
3. 9. 22. 28. 31‚8. 17. 27. 32, 3. 8.
27. 33‚1.3.7. 34, 2028. 35,2.7.
36,8. 9. 37, 9. 13. 38, 6. 39,1.
40,6.8. 18. 41,1.1. 45,2. 57,15.
59, 14. 19. 61,15. 63,1. 71,4.
1415. 76, 23. 77, 14. 17. 25. 78,
3. 5. 19. 25. 27. 79, 9. 80, 14. 20.
81,7. 11. 82, 8. 83,16.21. 85,
4. 18. 87, 24. 91,13. 20. 93, 6.
96,8.10. 97,9. 9S,17. 99,12.28.
100,5.8.16. 101,8. 102,3. 103,
5. 106, 4. 9. 110, 2. 115,11.18.
116, 2. 3. 1⁶. 119, 2. 6. 21. 130,
16. 133, 21. 135,25. 136,13.14.
137,17. 138, 2. 23. 26. 139, 3.
10. 12. 23. 29. 140, 6. 25. 141,10.
21. 142, 13. 28. 144, 21.25. 145,
2. 9. 10. 146, 4. 17. 147, 5.14.
155, 5. 156‚9.19.24.26. 159, 28.
160,13.17. 161, 14. 162, 24. 26.
163, 1. 6. 164,27. 165,10. 166,
312. 168, 4. 6. 9. 169, 26. 170,
6.11.20. 195,25. 196,2. 212,2.
215, 6. 223,12. 224, 3. 226, 4.

5 6.17. 227,4. 232,15. 245,4.

257, 6. 268,11. 330,19. 354,
24. 362, 15. 372, 3. 11, 15. 21. 28.

Dataphernes 223, 14. 19.
264, 28.

Demetrius 175,14. 182, 15.
196, 22. 197, 4. 9.

D e m o 0 r a t e s Atheniensis
166, 8.

‚ Demophon 324, 21.

Derbices 7, 6.
Derdas 228,14. 252,10.

. Diardines 283,14.

Didymeon 224,19.

:Dioxippus Atheniensis 335,

18. 28. 336, 4. 8. 13. 18. 337, 2.
Drangae 173‚3o.211,14.265,7.
Dropides 37, 20.

Dymnus 174, 6.16. 21. 175,9.

