398

20. 29. 68, 2. 5. 16. 19. 22. 88,16.[
126,11. 184,6. 19Ο,13.19. 192,
15. 16. 22. 195,4. 256, 21. 269,
25. 278,19 bis. 281,9. 287‚5.
288, 17. 290, 26.

Lacedaemonii 37. 11. 22. 45,
11. 152, 7. 153, 7.12.14. 154, ,
10. 25. 166,1.3.14. ἲ

Lacones 153, 22. 26219, 7.

Lanice 254, 2.

Leomedon 386, 23.

Leonidas 210,21.

Leonnatus 32, 12. 21. 33,1.;
180, 22. 257, 4. 275, 16. 303,’
7. 327, 10.17. 344, 3ο. 345, 19.
22. 347,11. 379,1. 38023. 381,
16. 387, 2.

Lesbus 5, 27.

Leucosyri 163, 29.

Libanus 48,18. 49,12. 352,13.

Liber Pater 26, 21. 34,1. 242,
19. 258,15. 270,13.27. 271, 21.
287‚6. 288,14.17. 289,e. 316,
30. 323, 24. 337, 27. 348, 2.

Locrenses 90,11.

Lycaonia 59,14.

L y e i a 3, 2. 122,1ο. 245, 7.
386, 24.

Lycius 122,13. 133,16.

Lycus, amnis Phrygiae in
Maeandrum influens, qui
etiam Marsyas appellatur, 4,4.

Lycus, amnis Armeniae, qui
in Tigrim influit, 73,1. 102,
8. 103, 7.

Lydia 12, 25. 44,21.22. 58,1ο.
15. 80,26. 158,24. 173,28. 238,
26. 387,1.

Lydi 95, 27.

Lyncestae, gens Illyrica, 90,6.

Lyncestes vid. Alexander
Lyncestes et Amyntas Lyn-

. eestes.

Lyrnesus 14, 1.

INDEX NOMIMUM

Lysimachus 253, 5.8 bis. 15.
257, 4. 262, 15. 19. 387, 6.

Macedo 27, 22. 69,17. 147.16.
192,13. 215‚17. 267,5. 282,6.
335, 24. 336, 4. 12. 16. — Ma—
cedones 5,14. 8,6. 9,23. 12,
13. 22, 21. 29. 24,15. 25, 9. 16.
26, 8. 16. 22. 28, 24. 2³2³- 45,
1. 15. 19. 28. 46,15. 47,16. 17. 20.

ξ 49, 13. 29. 51,21. 52,30. 54,15.
³ 21. 55, 3. 12. 56,2. 15. 59, 20.

60, 1. 24. 28. 62, 28. 64, 26. 68,

’ 25. 69.25. 85,16. 18. 86, 6. 10.

88, 4. 11. 92‚17. 94, 20. 9617.
97, 8. 3ο. 98, 19. 100, 2. 24. 27.
104,3. 18. 105,8. 113,3.16. 114,
1. 115,19. 116,13. 118,24. 122,
15. 124, 27. 125, 4. 13O,13.
133, 5. 9. 135, 10. 153, 12.
14. 154,16. 166,9. 169,19. 177,
14. 181,18. 186,14.16. 189,23.
26. 193,10. 194,18. 197,5. 205,
1. 212,4. 217,7. 219,1³. 226,2.
227, 5. 13. 19. 230, 23. 231,16.
19. 233, 26. 242, 21. 24. 243,1.
244, 27. 246, 24. 249,14. 252,
17. 253, 16. 254,14. 259, 11.
260, 3. 261, 7. 264, 7. 268,16.
269, 8. 270,4.16. 271,6. 273,
2.14. 276,17. 277, 4. 278, 7.
15.16. 281,4. 17. 22. 287,2o. 288,
7. 293, 7. 295, 27. 298,11.27.
299,2. 302, 2. 19. 310,15. 311,
27. 313,29. 315,24. 317,3. 321,
16. 323,1. 324,10. 327,22. 335,
16. 336, 22. 23. 338,26. 340,14.
346, 6. 350, 10. 361, 25. 362,
20. 22 bis. 370, 16. 19. 26. 375,
21. 376,1. 377,2³. 381,18. 382,
24. 384,1. 385, s. 386,12.
Macedonia 6, 13. 16, 19. 20,
1. 40,11.21. 45,13. 64, 29. 81,
25. 113,8. 116,18. l35‚1s. 157,
16. 170,2ο. 184,1. 2O4‚15. 210,
25. 240,11. 279,11. 308,9. 320,

