lNDEX NOMINUM.

Abdalonymus 42,
Agigi Gsscybhae 228, 9.

2. 10. 19.

Abisares 296,17. 297,15. 301,9.‘

309,10. 352, 24. 353, 3.
Abulites 115,1o.15. 116,1s.
Acadira 289,19.

Acarnan 16,20. — Acar-,

nanes 8,18.
Acesines 283,11. 320, 7. 321,
Agssgei 90, ιο. 155, 2.
Achaia 59, 16.
Achilles 64, 23. 268, 18.

Aegyptii 43, 20. 44, 2. 65,3.

20. 28. 76, 4. 18 388,13.

Aegyptus 20, 13. 29,1. 43,16.}

19. 54, ¹) 62, 23. 64, 28. 65,10.
18. 69,11.16.2ο.22. 71,15. 92,4.
238, 24. 386, 22. 389,12.
Aeolis 58, ιο. 158, 23.
Aeschylus Rhodius 69,17.
Aesculapius 19, 15.
Aethiopes 67,3. - Aethio-
pes Simi 67, (3.
Αείὼίορίε. 69,12.
Aetoli 8, 18.
Africa 52, 22. 57,5. 69, 20. 22.
71,15. 284,18. 352,12. 386,22.
Africus ventus 46, 13.18.
Agathon 113,15. 350,1.
Agenor 56,17. 57,1.
Aggrammes 313, 7.
Agis, Lacedaemoniorum reX,
45,11. 153, 26.

158, 21. ζ

,Agis Asgivus, poeta, 270, 7.
272, 12.

Agriani 25, 21. 90, 18. 99, 1. 6.
117,21. 118, 8. 292,28. 304,13.
339, 17. 19.
3Alexander Magnus, rex
z Macedonum, 3,1. 4,4.10. 5,5.
7, 22. 9, 14. 15. 20. 24. 12, 19. 22.
14, 5. 15,16. 16,15. 17,1s. 19,
10. 20, 21. 26. 21, 11. 22, 18.
25, 9. 27. 26, 12. 27, 21. 28, 14.
19. 29, 5. 26. 30, 424. 31,13,
, 32, 7. 33, 5. 23. 27. 35, 11.15.
39,12. 40, 9. 17. 42, 1. 27. 43,
10. 44, 22. 45,22. 47, 23. 48, 23.
49,15. 50,13. 51, 5.1ο. 55,1.
10. 56, 9. 57, 17. 28. 58, 8. 22.
59, 17. 23. 61, 15. 23. 27. 63, 24.
64,16. 65,1o.17. 69,1. 70, 7.
71, 21. 72,21. 73‚11. 75, 7. 77,
13. 78, 13. 79,11.17. 80,12. 81,
13. 82, 2. 83, 10. 84, 27. 85, 9.
88,13. 89,1ο. 94, 22, 96. 7. 11·
97,19. 25 98, 20. 22. 27. 99,12.
19. 23. 100, 13. 101,2. 8. 103,
6.15. 106,1. 12. 107, 9. 22. 108,
17. 22. 115,11. 118, 4. 122,18.
1 128, 11. 130, 11. 133, 25. 26.

136,11. 138, 5. 139,4, 8. 140,
, 11. 142, 4. 7. 21. 144, 21. 145,
- 18. 146, 15. 20. 30. 147, 7. 154,
19. 155,5. 162,2o. 163,17. 165,
22. 166, 11. 167, 18. 168, 9.
169, 8. 176,7. 25. 178, 20. 188,
ι 11. 190, 18. 192, 16. 194, 10.

 

