306

17622. 177,10,14. 178,7. 181,
20. 182, 15. 26. 187, 17. 188, 2.
189, 12. 16. 21. 196, 5.

Ecbatana 58,17. 133‚22. 144,
21. 245, 3.

Ecbolima 294, 27.

Elei 155, 3.

Epimenes 273, 29. 275, 6. 25.

Epirus 352,17.

Erit-es 295, 1. 6.

Erigyius 161,26. 165, 2. 180,
21. 211,22. 219,12.19. 220, 3.
12. 17. 232,24. 234, 8. 12. 14. 20.
263, 1.

Erythrus 284,10. 351, 24.352,2.

Ethymantus 283, 17.

Euboicus 84,16.

Euebemon Cymaeus 126, 111,,

127,17. 128,18.
Eudaemon 353, 2.
Euergetae 211,16. 24.
Eumenes 310, 27. 387, 3.
Euphrates 4,22. 10,8.19,8.39,

9. 57,28. 71,14. 73,3. 15. 80, 27.

81,23. 82,18.20. 93,18. 94,14.

108, 3. 110, 22. 111, 2. 157, 2. .
314, 13. 352, 7. 371, 5. 372, 2. ,
4 29. 126, 16. 128, 25.

380, 21.

Euripides 255, 3.

Europa 26, 17. 45, 8. 127, 8.
129, 2. 133,1. 157, 5. 7. 9.11.
170, 4. 228, 14. 231, 20. 233,

10. 12. 238, 3. 4. 240, 15. 268,.

28. 332,13. 355, 22. 357,11.
360,15. 361,27. 362,19. 376,3.
379, 2.
Europaeus 231,20.
Eurylochus 275,8.19. 276,8.
Euxenippos 243, 8.

Furiae 188, 21.

Gades 57,‹;. 352,13.

Gangaridae 313, 6.

Ganges 283, 4. 11. 13. 313, 5.
32l,24. 323, 5. 20.

1

¹(rlordyaei,

 

INDEX NoMlNUM

Gaza 59,1. 61,25. 65, 9.

Gazaca 265,12.

Getae 355,24.

Gobares, praefectus
130,12.

Gobares Medus magicae artis

Darei,

³ peritus 215,21. 216,5. 2l7‚1:3.

Gordium 4, 27.

Gordius 5, 7.

gens Armeniae,
108,11.

Gordyaei montes 76, 21.

Gorgias 204, 20.

Gorgidas 204, 21.

Gortuae 84,16.

Graecia 27,5. 40, 2121. 45, 1.
10. 59, 4. 7. 126, 11. 128,14.
132, 16. 30. 135, 19. 155, 24.
173, 2⁶. 219, a. 224,17. 255,
11. 308,9. 332, o. 356,3. 357,

1 18. 389, 9.

Graecus 141,10. — Graeci
3, 5. 4, 20. 7,14. 10, 4. 21,1.
23. 24, 24. 27,5. 30. 3. 39, 8.
40,18 19. 45,11. 59, 5. 60, 7.
70, 28. 76,10. 77,17.20. 95, 5.
106, 2. 111, 11. 117, 22. 125,

132, 11.

133,14. 134,2. 138,13. 140,12.

26, 141,21, 142,14. 143,2. 144,

11. 154,24. 157, 13. 21. 160,25.

165,11.26. 166,4. 211‚23. 212,

5. 24O,10. 245,9. 254,15. 255,

5. 264, 27. 270, s. 16. 282, 14.

288,17. 309, 5. 333,st 334,8.

20. 336,4. 352,15. 357,9.13.14.

ἸΟτι-1100118 adi. 6,1. 36, 9. 121,

10. 140, 25. 141, 7. 239,18.
321, 8.

Granicus 4‚19. 27,1. 74, 28.
92, 3. 93,16. 253,2o. 315, 24.

Halicarnasus 19,1s. 114,19.
256, 3.
Halys 57,19. 80, 26.

