INDEX NOMINUM

20, 2. 25,11. 14. 22.

12. 58,25. 7Ο,6. 77,21. 81, 15.
82,1. 85, 27. 86, 23. 87,1ο.12.

24. 89, 3. 14. 90, 4. 91,16. 96,
23. 26. 100, 24. 101, 6. 12. 23.

103, 21. 119, 24. 130,17. 171,

19. 176,2. 179,25. 180,25. 182,

12. 183, 14. 185,13. 191,13.
194,16. 195, 25. 197,13. 202,
15. 206, 24. 207,6.17. 208, 8.
9.17.19.21. 209, 3. 6. 21. 210,
7. 19. 22. 212,4. 255,18. 256,9.
277, 6. 279,19. 350, 2. 351,1.
Parsagada 130,10.11. 353, 4.
Parthi 84,19. 133,6.23. 157,1ο.

Parthiene 144,11. 157,1. 159,

2. 161,2·.>.26, 169,14.
Parthyaei 84, 18. 347,4.
Pasias Thessalus 382, 27.
Pasippus 37, 22.
Pasitigris 117,15.

Patalii 340, 28.
Patron 138,13. 140, 12. 18. 22.

141, 9. 12. 16. 26. 142, 17. 29.
Pausanias 199, 6.
Peloponnesii 25, 17. 90,1ο.

219, e.

Peloponnesus 3, 1. 113, 6.

158, 21.

Pelusium 43,26. 44,1. 65,8.11.

P e 1· di c c a s , rex Macedonum,

190,4. 195,15.

Perdiccas vel Perdicca,
Alexandri praetor, 25,12. 49,
16. 105, 7. 180, 22. 230,1.10.
257, 2. 8. 287, 9. 301,25. 303,
3. 31Ο,26. 369,11. 370,3. 370,
3. 374, 23. 28. 375,17. 376,12.
15. 18. 20. 377, 1. 7. 378, 18. 21.
22. 379,13. 380, 6.12. 16. 18. 24.
381, 4. 9. 10.15. 19. 22. 24. 382,
14.18.22.24. 384,19.26.27. 385,
5. 25. 386,4.13.19. 387,11.

Perilaus 382, 28.

Perses 20,12. 156, 24. 362,12.

27,26. 29,
15. 35,6.1o.1-1.20. 36,17. 39,

401

— Persae 6,11.27. 7,16. 10,
5. 10. 19. 27. 11, 20. 14, 18. 19,
16. 20, 8. 22, 20. 26, 7. 21. 27,
15.17.2s. 29, 17. 31, 12. 33, 6.
36,1.1ο. 37, 20. 43,1o.19. 44,
426. 60, 3. 7. 26. 61,6. 64, 25.
65, 3. 71,s. 75,1ο. 76,11.25.
78, 15. 84, 3. 86, 8. 88, 6. 20.
92, 6. 94,3ο. 95,29. 97,12. 98,
2o.25.29. 99,11. 100,2.12. 101,
18. 104,1ο.17. 122,10. 125,3ο.
131,19. 132,12. 133,14. 136,
24. 138,15.16.18.20. 139,12.17.
142,25. 143,2.25. 144,12. 145,
20. 155,s. 156,7. 160,13. 161,
17. 163,17. 166,4. 170,2. 238,
23. 267,14. 268,16. 269, 26.
270, 24. 272,16. 277,13. 278,
13.15. 280, 15. 308, s. 314,15.
315, 25. 335,16. 347,11. 351.
12. 353, 7. 20. 354,1-1. 355, 7,
360, 4. 26. 362, 22. 23. 370, 18.
371,22. 376, 4.

Persepolis 58,16. 125,6. 130,
13. 131,27.

Persicus 4,21. 9,21. 10,3. 32,
10. 43, 8. 45, 4. 74, 7. 121,]6.
169, 21.26. 170,9. 297,5. 319,
2. 353, 4.

Persicum mare vicl. Mare.

Persis 30,7. 76,13. 95,28. 112,
15. 116,11. 117, 21. 119,27.28.
121,11.14. 122,12. 129, 1. 6.
130,19. 131,17. 133,17. 159,
1. 239,1. 330,16. 347, 26.

Ρθηοθεὺθε Macedo Aegypto
praeficitur 69, 17.

Peucestes Alexandro pericli-
tanti supervenit 327,5.15.19.

Peucolaus particeps coniura-
tionis Dymni 175,15. 182,15.
245,1.

Pharnabazus 9, 8. 9. 21,1.
37,14. 45, 4. 59, 19. 60, 4. 15
bis. 18.

¹Pharos 69, 2.
Connus Euros ed. Hedicke. Ed. maior.

26

