INDEX NOMINUM

Hammo 65, 20. 67.16. 69, 1.
184,6. 190,22. 192,14. 369,13.

Hammonii 67,10.

Harpalus 32Ο,14. 357,4. 7.

Haustanes 269,9. 11.

Hecataeus 204, 20.

Hecatompylos 157,12.

Hector 70, e. 9. 185, 25,

Hegelochus, praetor Ale—
xandri, 5, 27. 59,16. 60, 3. 24.

Hegelochus, familiaris Par-
menionis, 195,1. 2. 17.

Hegesimachus 299, 3.

Hellanicus 114, 24.

Hellespontus 5, 26. 6, 3. 15,ῑῑ
16. 34, 2. 4Ο,19. 45,2. 57,18.,
58,1ο. 80, 27. 93,12. 158,23.1
161,1. 315,28. 332,10. 387,2.

Heneti 6, 9,

Hephaestios.Hephaestion
33,15. 35,1. 41, 16. 18. 22. 58,
26. 105,6. 156,15. 180,20. 193,
11.14, 232, 23. 243,10, 251,3,
252, 20. 259, 14. 287, 9. 295,
1218. 296, 26. 303, »1. 312, 251
345,18. 372, a.

Heracon 350, 2.

Hercules 26, 20. 35, 4. 46,1.
48,1ο. 53,1. 71,12. 2701226.
271,20. 287,6. 292, 4. 302,13.
316,26. 321,5. 323,24. 352,11.

Hermolaus 273,16. 276, 2. 23.
277, 1. 3. 18. 20. 22. 279, 2. 17.
281‚s.

Hiberia 352,15.

Hiberus 352,15.

Hispaniae 352, 14.

Hister 81,23. 231, 2>

Hora 291,25.

Horitae 345,17. 347,12.

Hydarnes 59,14. Ἰ

Hydaspes 296,18. 297,23.
298, 2. 314,19, 321,3. 26.

Hypasis 312, 24.

Hypsicles 236, 7.1o.

Hyraotis 310,4.

 

, 106, 2. 158,2ο. 254,22.

397

Hyrcani 7,4. 25,1.
Hyrcania 58, 2. 146, 2. 159,
28. 161,22. 162,3. 164,13. 165,

¹ 5. 9. 166,16. 168, 5. 11. 265, 5.

H y r c a n i u m mare quidam

¹ Caspium appellant vid. Mare.

Hystanes 37, 14.
Hystaspes 156, 8.

Illyricum 173, 27.

Illyrii 26,25. 27,1o. 90,20.

332, 9.
364, 4.

Imbrus 60, 28.

India 115, 18. 164, 13.

202, 5. 217,16. 22016.

174, 3.
247,5.
269,5. 282,21.22. 283,15. 284,
7. 287, 3. 308,18. 313,5. 314,
11. 318, 23. 320,18. 321, 24.
323,3.27. 333,17. 337,19. 338,
19.347,19.351,8. 355,22. 387,8.
Indicus 269,14. 337, 11.
Indicum mare vid. Mare.

XIndus 295, 26. 311,29. 326,15.

—Indi 7,15. 26,23. 58,3. 71,
25. 81,26. 84,10. 137,4. 157,
25. 160,2. 215,15. 239,2. 281,
12. 286, 7. 294, 7. 14. 295, 5.
297, 26. 28. 299, 8. 23. 301,24.
302,12.2ι;. 305,18. 308,4. 318,
23. 324,5. 326,16. 327,26. 339,
6. 345, 2ο. 25.

Indus amnis 283, 2. 8. 287,11.
292,19. 295,1ο. 321,25.

[olaus 175,16.

Iollas 388, 20. 389, 5.

,Iomanes 283,12.

{Iones 58,1o. 158,23.
{Ioniae coloniae Graecorum
¹ 4Ο,19.

:Iphicrates 37, 20.

Issos 19,23.25.29. 22,21. 44,13.
Ister vid. Hister.
Isthmiorum ludicrum 59, 3,

¹ Italia 256, 6. 352, 16.

Iuppiter 5,6. 10,20. 35,4. 65,

