INDEX NOMINUM

Atheniensis 7,21. 60,25.127,}

18. 133, 22. 166, 9. 335,19. —

393

16. 218,9. 235,17. 259,15. 316,

1. 333, 22.

Athenienses 4,1s. 2ss,29. 37. ¹ Bactrus amnis 219, 3.

19. 21. 70, 26. 27. 255, 19. 357, , B a g i s t a n e s

Δ1.1ἰ.

Babylonius
114, 26.

Athenodorus 333, 24. 334, 5⁸ l Bagoas spado a Dareo inter—
ῥ iectus 160,15. 163, 7.

Atizyes 28,30.
A tta l u s,

Philippi adfinis,

184, 3. 198,8. 256,2ο. 257,-.›1.1

277, 6. 14. 279, 24.
Attalus, Agrianorum prae-
fectus, 90, 18.
Attalus, Alexandri similis
300, 6.
Attica terra 357, 2.
Attinas 251,10. 252, 3.
Augacu s v. Philotas Augaeus.

Babylon 6,19. 9‚17.' 72,14. 102
1. 107,12. 108,22.112,3, 113,

Bagoas, alter spado, Darei
scortum a Nabarzane Ale-

, xandro dono datum, 168, 7.

353, 16. 19. 355, 1.
Bagophanes 109,11. 113, 21.
Balacrus 59,14. 90,8. 294,13.

”Β21021115, 30.

Barsine 375, 22. 376, 2.
Barzaentes 174,1. 297,24.2δ.

= Bazaira 252, 22.

¹ Beira 290, 1.

15.21.23. 130,6. 352,6.21. 374³?

14. 382, 15.

Babylonia reffl'o 61,.1. 71,21.
113,17. 265, 9.

Babylonius 144,26. —— Ba-
bylonii 8111. 108,16. 109,
9. 18. 22. 112, 16.

Babylonius adi. 108, 20.

Bactra 26, 23. 58‚2. 16. 81, 26.
133,24. 137,3.13.138,16. 139,
1919. 141, 3. 144, 25. 146,26.
159, 28. 172,7. 196,11. 219, 2.
231,25. 2322. 239, τ. 240,15.
243,13. 245, 2. 333, 16. 334,
21. 387, ε.

Bactrianus 3321. - Bac-
triani 7‚15. 61, 5. 7. 71,24.
83,23. 27. 87,3. 98,18.26. 134,
5. 137, 22.
142,27. 143,26. 144,14. 212,
15. 216.16. 217,15. 218,s. 219,
1. 220, 19. 228, 22. 229,4. 231,
19. 232,19. 233, 3. 22. 239,1.
251‚9- 259,=.›0. 317,st 338,15.

Bactrianus adi. 134, 6. 171,

138, 15. 139, 7. 27. ,

Belitae 84, 11.

⁷ ³ Belus 11,13. 110, 7.

Bessus 61‚4. 10. 83, 27. 96,1ο.
134, 6. 136, 8. 137, 14. 21. 24.
138, 15. 25. 139, 27. 140, 16.
141, 7. 13. 142,3.20.27. 143,29.
144,13. 145, 9. 19. 28. 146,11.
16. 26. 160, 1, 16. 161, 2. 19.
162, 24. 170, 26. 171, 24. 26.
172, 2. 174, 2. 211,20. 214, 23.
215‚4. 19. 21634. 21. 217, 9. 15.
19. 219,11. 220,16. 223, 5. 8.
10.12.14.18.21.25. 224,15. 225,
25. 226, 9. 18. 227, 2. 228, 25.
229, 7. 245, 3.

Betis 61,25. 63, 22. 64, 6.

Bion 91, 17.

Bito cel Biton 334, 1. 5. 7. 9.
11.11.18.

Boeotia 26,3o. 57,5

Bolon 191,27.

Borysthenes 157, 7.

158, 20.

,Bosphorus (Cimmerius) 157,

1111. 228, 18. 252,11.
Boumelus 73, 4.
Boxus Bactrianus 334, 3. 13.
Branchidae 224,16. 225‚3.5.7.
Brochubelus 145, 27.

